# Made in Blockbench 4.9.4
mtllib Voisin_Lapin.mtl

o cube
v 0.12722750785130366 0.5069530693852216 0.048290777685744524
v 0.18966802164321717 0.5069530692121851 0.0455645646709808
v 0.12866016516901024 0.25911998383450396 0.08110402500174063
v 0.19110067896092375 0.2591199836614675 0.07837781198697691
v 0.1869654384872359 0.49874194220971635 -0.016334736113715775
v 0.1245249246953225 0.49874194238275305 -0.013608523098952052
v 0.1883980958049425 0.25090885665899887 0.016478511202280388
v 0.1259575820130291 0.25090885683203545 0.01920472421704411
vt 0.421875 0.984375
vt 0.4375 0.984375
vt 0.4375 0.921875
vt 0.421875 0.921875
vt 0.40625 0.984375
vt 0.421875 0.984375
vt 0.421875 0.921875
vt 0.40625 0.921875
vt 0.453125 0.984375
vt 0.46875 0.984375
vt 0.46875 0.921875
vt 0.453125 0.921875
vt 0.4375 0.984375
vt 0.453125 0.984375
vt 0.453125 0.921875
vt 0.4375 0.921875
vt 0.4375 0.984375
vt 0.421875 0.984375
vt 0.421875 1
vt 0.4375 1
vt 0.453125 1
vt 0.4375 1
vt 0.4375 0.984375
vt 0.453125 0.984375
vn 0.999048220670615 -2.7685850174929967e-9 -0.04361940823621971
vn 0.04324133049569993 0.1313780320394977 0.9903888125551452
vn -0.999048220670615 2.7685850174929967e-9 0.04361940823621971
vn -0.04324133049569993 -0.1313780320394977 -0.9903888125551452
vn -0.005730629270826373 0.9913323422028703 -0.13125298926398446
vn 0.005730629270826373 -0.9913323422028703 0.13125298926398446
usemtl m_35617b3c-9492-c5b3-315f-71dca8c676de
f 4/4/1 7/3/1 5/2/1 2/1/1
f 3/8/2 4/7/2 2/6/2 1/5/2
f 8/12/3 3/11/3 1/10/3 6/9/3
f 7/16/4 8/15/4 6/14/4 5/13/4
f 6/20/5 1/19/5 2/18/5 5/17/5
f 7/24/6 4/23/6 3/22/6 8/21/6
o cube
v -0.3125 0.4987783473284487 0.062488059377373006
v -0.25 0.4987783473284487 0.062488059377373006
v -0.3125 0.2488261098189568 0.0576014486911679
v -0.25 0.2488261098189568 0.0576014486911679
v -0.25 0.5 0
v -0.3125 0.5 1.1102230246251565e-16
v -0.25 0.2500477624905081 -0.004886610686205106
v -0.3125 0.2500477624905081 -0.004886610686205106
vt 0.359375 0.984375
vt 0.375 0.984375
vt 0.375 0.921875
vt 0.359375 0.921875
vt 0.34375 0.984375
vt 0.359375 0.984375
vt 0.359375 0.921875
vt 0.34375 0.921875
vt 0.390625 0.984375
vt 0.40625 0.984375
vt 0.40625 0.921875
vt 0.390625 0.921875
vt 0.375 0.984375
vt 0.390625 0.984375
vt 0.390625 0.921875
vt 0.375 0.921875
vt 0.375 0.984375
vt 0.359375 0.984375
vt 0.359375 1
vt 0.375 1
vt 0.390625 1
vt 0.375 1
vt 0.375 0.984375
vt 0.390625 0.984375
vn 1 4.340182156963438e-18 -2.2200218331169092e-16
vn 2.220446049250313e-16 -0.019546442744820616 0.9998089500379678
vn -1 -4.340182156963438e-18 2.2200218331169092e-16
vn -2.220446049250313e-16 0.019546442744820616 -0.9998089500379678
vn 0 0.9998089500379678 0.019546442744820616
vn 0 -0.9998089500379678 -0.019546442744820616
usemtl m_35617b3c-9492-c5b3-315f-71dca8c676de
f 12/28/7 15/27/7 13/26/7 10/25/7
f 11/32/8 12/31/8 10/30/8 9/29/8
f 16/36/9 11/35/9 9/34/9 14/33/9
f 15/40/10 16/39/10 14/38/10 13/37/10
f 14/44/11 9/43/11 10/42/11 13/41/11
f 15/48/12 12/47/12 11/46/12 16/45/12
o cube
v -0.1875 0.3073857783686893 0.09788926595641001
v -0.125 0.3073857783686893 0.09788926595641001
v -0.1875 0.00767133244696605 0.009416101065385152
v -0.125 0.00767133244696605 0.009416101065385152
v -0.125 0.32508041134689425 0.03794637677206536
v -0.1875 0.32508041134689425 0.03794637677206536
v -0.125 0.025365965425171 -0.0505267881189595
v -0.1875 0.025365965425171 -0.0505267881189595
vt 0.015625 0.75
vt 0.03125 0.75
vt 0.03125 0.671875
vt 0.015625 0.671875
vt 0 0.75
vt 0.015625 0.75
vt 0.015625 0.671875
vt 0 0.671875
vt 0.046875 0.75
vt 0.0625 0.75
vt 0.0625 0.671875
vt 0.046875 0.671875
vt 0.03125 0.75
vt 0.046875 0.75
vt 0.046875 0.671875
vt 0.03125 0.671875
vt 0.03125 0.75
vt 0.015625 0.75
vt 0.015625 0.765625
vt 0.03125 0.765625
vt 0.046875 0.765625
vt 0.03125 0.765625
vt 0.03125 0.75
vt 0.046875 0.75
vn 1 6.286396462302322e-17 -2.1295992235204384e-16
vn 2.2204460492503126e-16 -0.28311412765127936 0.9590862269495142
vn -1 -6.286396462302322e-17 2.1295992235204384e-16
vn -2.2204460492503126e-16 0.28311412765127936 -0.9590862269495142
vn 0 0.9590862269495142 0.28311412765127936
vn 0 -0.9590862269495142 -0.28311412765127936
usemtl m_35617b3c-9492-c5b3-315f-71dca8c676de
f 20/52/13 23/51/13 21/50/13 18/49/13
f 19/56/14 20/55/14 18/54/14 17/53/14
f 24/60/15 19/59/15 17/58/15 22/57/15
f 23/64/16 24/63/16 22/62/16 21/61/16
f 22/68/17 17/67/17 18/66/17 21/65/17
f 23/72/18 20/71/18 19/70/18 24/69/18
o cube
v 0 0.3073857783686893 0.0271107340435901
v 0.0625 0.3073857783686893 0.0271107340435901
v 0 0.0076713324469661615 0.11558389893461485
v 0.0625 0.0076713324469661615 0.11558389893461485
v 0.0625 0.28969114539048435 -0.03283215514075455
v 0 0.28969114539048435 -0.03283215514075455
v 0.0625 -0.010023300531238843 0.0556410097502702
v 0 -0.010023300531238843 0.0556410097502702
vt 0.265625 0.75
vt 0.28125 0.75
vt 0.28125 0.671875
vt 0.265625 0.671875
vt 0.25 0.75
vt 0.265625 0.75
vt 0.265625 0.671875
vt 0.25 0.671875
vt 0.296875 0.75
vt 0.3125 0.75
vt 0.3125 0.671875
vt 0.296875 0.671875
vt 0.28125 0.75
vt 0.296875 0.75
vt 0.296875 0.671875
vt 0.28125 0.671875
vt 0.28125 0.75
vt 0.265625 0.75
vt 0.265625 0.765625
vt 0.28125 0.765625
vt 0.296875 0.765625
vt 0.28125 0.765625
vt 0.28125 0.75
vt 0.296875 0.75
vn 1 -6.286396462302322e-17 -2.1295992235204384e-16
vn 2.2204460492503126e-16 0.28311412765127936 0.9590862269495142
vn -1 6.286396462302322e-17 2.1295992235204384e-16
vn -2.2204460492503126e-16 -0.28311412765127936 -0.9590862269495142
vn 0 0.9590862269495142 -0.28311412765127936
vn 0 -0.9590862269495142 0.28311412765127936
usemtl m_35617b3c-9492-c5b3-315f-71dca8c676de
f 28/76/19 31/75/19 29/74/19 26/73/19
f 27/80/20 28/79/20 26/78/20 25/77/20
f 32/84/21 27/83/21 25/82/21 30/81/21
f 31/88/22 32/87/22 30/86/22 29/85/22
f 30/92/23 25/91/23 26/90/23 29/89/23
f 31/96/24 28/95/24 27/94/24 32/93/24
o Tronc
v -0.24999999999999994 0.625 0.1875
v 0.125 0.625 0.1875
v -0.24999999999999994 0.1875 0.1875
v 0.125 0.1875 0.1875
v 0.125 0.625 -0.125
v -0.25 0.625 -0.12499999999999994
v 0.125 0.1875 -0.125
v -0.25 0.1875 -0.12499999999999994
vt 0.09375 0.671875
vt 0.171875 0.671875
vt 0.171875 0.5625
vt 0.09375 0.5625
vt 0 0.671875
vt 0.09375 0.671875
vt 0.09375 0.5625
vt 0 0.5625
vt 0.265625 0.671875
vt 0.34375 0.671875
vt 0.34375 0.5625
vt 0.265625 0.5625
vt 0.171875 0.671875
vt 0.265625 0.671875
vt 0.265625 0.5625
vt 0.171875 0.5625
vt 0.171875 0.671875
vt 0.09375 0.671875
vt 0.09375 0.765625
vt 0.171875 0.765625
vt 0.25 0.765625
vt 0.171875 0.765625
vt 0.171875 0.671875
vt 0.25 0.671875
vn 1 0 -2.220446049250313e-16
vn 2.220446049250313e-16 0 1
vn -1 0 2.220446049250313e-16
vn -2.220446049250313e-16 0 -1
vn 0 1 0
vn 0 -1 0
usemtl m_35617b3c-9492-c5b3-315f-71dca8c676de
f 36/100/25 39/99/25 37/98/25 34/97/25
f 35/104/26 36/103/26 34/102/26 33/101/26
f 40/108/27 35/107/27 33/106/27 38/105/27
f 39/112/28 40/111/28 38/110/28 37/109/28
f 38/116/29 33/115/29 34/114/29 37/113/29
f 39/120/30 36/119/30 35/118/30 40/117/30
o Queue
v -0.12499999999999994 0.3125 0.25
v 0 0.3125 0.25
v -0.12499999999999994 0.1875 0.25
v 0 0.1875 0.25
v 0 0.3125 0.125
v -0.125 0.3125 0.125
v 0 0.1875 0.125
v -0.125 0.1875 0.125
vt 0.03125 0.96875
vt 0.0625 0.96875
vt 0.0625 0.9375
vt 0.03125 0.9375
vt 0 0.96875
vt 0.03125 0.96875
vt 0.03125 0.9375
vt 0 0.9375
vt 0.09375 0.96875
vt 0.125 0.96875
vt 0.125 0.9375
vt 0.09375 0.9375
vt 0.0625 0.96875
vt 0.09375 0.96875
vt 0.09375 0.9375
vt 0.0625 0.9375
vt 0.0625 0.96875
vt 0.03125 0.96875
vt 0.03125 1
vt 0.0625 1
vt 0.09375 1
vt 0.0625 1
vt 0.0625 0.96875
vt 0.09375 0.96875
vn 1 0 -2.220446049250313e-16
vn 2.220446049250313e-16 0 1
vn -1 0 2.220446049250313e-16
vn -2.220446049250313e-16 0 -1
vn 0 1 0
vn 0 -1 0
usemtl m_35617b3c-9492-c5b3-315f-71dca8c676de
f 44/124/31 47/123/31 45/122/31 42/121/31
f 43/128/32 44/127/32 42/126/32 41/125/32
f 48/132/33 43/131/33 41/130/33 46/129/33
f 47/136/34 48/135/34 46/134/34 45/133/34
f 46/140/35 41/139/35 42/138/35 45/137/35
f 47/144/36 44/143/36 43/142/36 48/141/36
o Tete
v -0.31249999999999994 1.0625 0.25
v 0.1875 1.0625 0.25
v -0.31249999999999994 0.625 0.25
v 0.1875 0.625 0.25
v 0.1875 1.0625 -0.18750000000000006
v -0.31250000000000006 1.0625 -0.18749999999999994
v 0.1875 0.625 -0.18750000000000006
v -0.31250000000000006 0.625 -0.18749999999999994
vt 0.125 0.875
vt 0.234375 0.875
vt 0.234375 0.765625
vt 0.125 0.765625
vt 0 0.875
vt 0.125 0.875
vt 0.125 0.765625
vt 0 0.765625
vt 0.359375 0.875
vt 0.46875 0.875
vt 0.46875 0.765625
vt 0.359375 0.765625
vt 0.234375 0.875
vt 0.359375 0.875
vt 0.359375 0.765625
vt 0.234375 0.765625
vt 0.234375 0.875
vt 0.125 0.875
vt 0.125 1
vt 0.234375 1
vt 0.34375 1
vt 0.234375 1
vt 0.234375 0.875
vt 0.34375 0.875
vn 1 0 -2.220446049250313e-16
vn 2.220446049250313e-16 0 1
vn -1 0 2.220446049250313e-16
vn -2.220446049250313e-16 0 -1
vn 0 1 0
vn 0 -1 0
usemtl m_35617b3c-9492-c5b3-315f-71dca8c676de
f 52/148/37 55/147/37 53/146/37 50/145/37
f 51/152/38 52/151/38 50/150/38 49/149/38
f 56/156/39 51/155/39 49/154/39 54/153/39
f 55/160/40 56/159/40 54/158/40 53/157/40
f 54/164/41 49/163/41 50/162/41 53/161/41
f 55/168/42 52/167/42 51/166/42 56/165/42
o Oreille D
v 0.10688129478927144 1.3561539439955963 0.0625
v 0.28307366118662924 1.2920251671220335 0.0625
v -0.042752517915708554 0.9450384224017614 0.0625
v 0.13343984848164925 0.8809096455281986 0.0625
v 0.28307366118662924 1.2920251671220335 -0.0625
v 0.10688129478927144 1.3561539439955963 -0.0625
v 0.13343984848164925 0.8809096455281986 -0.0625
v -0.042752517915708554 0.9450384224017614 -0.0625
vt 0.34375 0.5625
vt 0.375 0.5625
vt 0.375 0.453125
vt 0.34375 0.453125
vt 0.296875 0.5625
vt 0.34375 0.5625
vt 0.34375 0.453125
vt 0.296875 0.453125
vt 0.421875 0.5625
vt 0.453125 0.5625
vt 0.453125 0.453125
vt 0.421875 0.453125
vt 0.375 0.5625
vt 0.421875 0.5625
vt 0.421875 0.453125
vt 0.375 0.453125
vt 0.375 0.5625
vt 0.34375 0.5625
vt 0.34375 0.609375
vt 0.375 0.609375
vt 0.40625 0.609375
vt 0.375 0.609375
vt 0.375 0.5625
vt 0.40625 0.5625
vn 0.9396926207859084 -0.3420201433256685 -1.8985931900287658e-17
vn 0 0 1
vn -0.9396926207859084 0.3420201433256685 1.8985931900287658e-17
vn 0 0 -1
vn 0.3420201433256685 0.9396926207859086 5.2163419183343575e-17
vn -0.3420201433256685 -0.9396926207859086 -5.2163419183343575e-17
usemtl m_35617b3c-9492-c5b3-315f-71dca8c676de
f 60/172/43 63/171/43 61/170/43 58/169/43
f 59/176/44 60/175/44 58/174/44 57/173/44
f 64/180/45 59/179/45 57/178/45 62/177/45
f 63/184/46 64/183/46 62/182/46 61/181/46
f 62/188/47 57/187/47 58/186/47 61/185/47
f 63/192/48 60/191/48 59/190/48 64/189/48
o Oreille G
v -0.3620174783372308 1.3159873672953992 0.06250000000000011
v -0.1773660246474419 1.3485464006079486 0.0625
v -0.2860464006079486 0.885133975352558 0.06250000000000011
v -0.10139494691815965 0.9176930086651076 0.0625
v -0.1773660246474419 1.3485464006079486 -0.062499999999999944
v -0.36201747833723086 1.3159873672953992 -0.06249999999999989
v -0.1013949469181597 0.9176930086651076 -0.062499999999999944
v -0.2860464006079486 0.885133975352558 -0.06249999999999989
vt 0.390625 0.71875
vt 0.421875 0.71875
vt 0.421875 0.609375
vt 0.390625 0.609375
vt 0.34375 0.71875
vt 0.390625 0.71875
vt 0.390625 0.609375
vt 0.34375 0.609375
vt 0.46875 0.71875
vt 0.5 0.71875
vt 0.5 0.609375
vt 0.46875 0.609375
vt 0.421875 0.71875
vt 0.46875 0.71875
vt 0.46875 0.609375
vt 0.421875 0.609375
vt 0.421875 0.71875
vt 0.390625 0.71875
vt 0.390625 0.765625
vt 0.421875 0.765625
vt 0.453125 0.765625
vt 0.421875 0.765625
vt 0.421875 0.71875
vt 0.453125 0.71875
vn 0.9848077530122081 0.17364817766693078 -2.210811010075789e-16
vn 2.210811010075789e-16 2.4890687978211322e-17 1
vn -0.9848077530122081 -0.17364817766693078 2.210811010075789e-16
vn -2.210811010075789e-16 -2.4890687978211322e-17 -1
vn -0.1736481776669308 0.9848077530122081 2.4890687978211328e-17
vn 0.1736481776669308 -0.9848077530122081 -2.4890687978211328e-17
usemtl m_35617b3c-9492-c5b3-315f-71dca8c676de
f 68/196/49 71/195/49 69/194/49 66/193/49
f 67/200/50 68/199/50 66/198/50 65/197/50
f 72/204/51 67/203/51 65/202/51 70/201/51
f 71/208/52 72/207/52 70/206/52 69/205/52
f 70/212/53 65/211/53 66/210/53 69/209/53
f 71/216/54 68/215/54 67/214/54 72/213/54
o Nez
v -0.12500000000000006 0.75 -0.1875
v -5.551115123125783e-17 0.75 -0.1875
v -0.12500000000000006 0.6875 -0.1875
v -5.551115123125783e-17 0.6875 -0.1875
v -5.551115123125783e-17 0.75 -0.25
v -0.12500000000000006 0.75 -0.25
v -5.551115123125783e-17 0.6875 -0.25
v -0.12500000000000006 0.6875 -0.25
vt 0.03125 0.90625
vt 0.046875 0.90625
vt 0.046875 0.890625
vt 0.03125 0.890625
vt 0 0.90625
vt 0.03125 0.90625
vt 0.03125 0.890625
vt 0 0.890625
vt 0.078125 0.90625
vt 0.09375 0.90625
vt 0.09375 0.890625
vt 0.078125 0.890625
vt 0.046875 0.90625
vt 0.078125 0.90625
vt 0.078125 0.890625
vt 0.046875 0.890625
vt 0.046875 0.90625
vt 0.03125 0.90625
vt 0.03125 0.9375
vt 0.046875 0.9375
vt 0.0625 0.9375
vt 0.046875 0.9375
vt 0.046875 0.90625
vt 0.0625 0.90625
vn 1 0 -2.220446049250313e-16
vn 2.220446049250313e-16 0 1
vn -1 0 2.220446049250313e-16
vn -2.220446049250313e-16 0 -1
vn 0 1 0
vn 0 -1 0
usemtl m_35617b3c-9492-c5b3-315f-71dca8c676de
f 76/220/55 79/219/55 77/218/55 74/217/55
f 75/224/56 76/223/56 74/222/56 73/221/56
f 80/228/57 75/227/57 73/226/57 78/225/57
f 79/232/58 80/231/58 78/230/58 77/229/58
f 78/236/59 73/235/59 74/234/59 77/233/59
f 79/240/60 76/239/60 75/238/60 80/237/60